# timestamp tx ty tz qx qy qz qw
1540479358.061299968 -5.1011061169274 2.3219399210764 -6.0578919469014 -0.067824209209135 -0.37002814682715 -0.13994697851249 0.9159115079559
1540479358.135000064 -5.1408401528626 2.3054511873737 -6.0072342203097 -0.063165196721743 -0.38464043492141 -0.1487219936096 0.90881442680195
1540479358.208699904 -5.1829058003152 2.2923708076105 -5.9545897947555 -0.055781745490675 -0.38766426370859 -0.15324347450134 0.90726030059518
1540479358.282500096 -5.2258956430418 2.284766287845 -5.8986347479897 -0.050455250042151 -0.39077281546326 -0.1480633708286 0.90709873368723
1540479358.356199936 -5.2675301370472 2.2750239887427 -5.8426395719859 -0.039121680593972 -0.38883569330677 -0.13557456883904 0.91043716642186
1540479358.429900032 -5.3114910125706 2.2583760771158 -5.7878677020254 -0.025776563572227 -0.38790117163988 -0.11961641604366 0.91354264422833
1540479358.503599872 -5.3618332200608 2.2323733156258 -5.7356319680076 -0.016773529506404 -0.38494697909113 -0.11362817899557 0.91576367526489
1540479358.577400064 -5.4152680194233 2.2069996107893 -5.6839354899571 -0.015941802481994 -0.38048323994393 -0.11241729900632 0.91779121478663
1540479358.651099904 -5.4735046343012 2.1867565641155 -5.6311344880905 -0.010806529000604 -0.37988888014287 -0.11360222137101 0.91796633542539
1540479358.724800000 -5.5329828762814 2.1752699219188 -5.5751637592637 -0.0050452597550191 -0.36886723154459 -0.11191776333844 0.92270576301222
1540479358.798599936 -5.5924233998328 2.168646562199 -5.5162835194458 0.0028512455895846 -0.36008765324362 -0.10554662868154 0.92692430195462
1540479358.872300032 -5.654739287415 2.1625751557152 -5.4531314882581 0.0087004464275904 -0.35841782753153 -0.097692376723467 0.92839493895091
1540479358.946000128 -5.7182258948389 2.1525461936225 -5.3902875648576 0.015222193375129 -0.35680620564754 -0.093412710966113 0.92937165970898
1540479359.019699968 -5.7822901748944 2.1359780062762 -5.3301612234122 0.021055402308561 -0.34946085877898 -0.092974777442322 0.93208876668193
1540479359.093499904 -5.850034611902 2.1132751542473 -5.2707606233011 0.020176012997981 -0.35340195891747 -0.091446902203793 0.93077250067357
1540479359.167200000 -5.9191623576098 2.0909769586579 -5.21178822778 0.014095656583333 -0.35070092523109 -0.088747195898302 0.93216635249709
1540479359.240900096 -5.9856494037678 2.0727859672796 -5.1533284299882 0.010264108638002 -0.34507679812835 -0.083569347941339 0.93479025216998
1540479359.314699776 -6.0475662439997 2.0607672163411 -5.096132201907 0.01619317141297 -0.3367616141086 -0.076960894602371 0.93829974803608
1540479359.388400128 -6.1058155929836 2.0494673631641 -5.0407969545603 0.024445973282872 -0.3233485437852 -0.071077864553214 0.94329001414878
1540479359.462099968 -6.1604579932926 2.0323988953245 -4.9897585121656 0.038366171938898 -0.30932658266587 -0.067087793171373 0.94781028170959
1540479359.535800064 -6.2096022392926 2.0130356272859 -4.9382883667057 0.037330799907306 -0.29029219015391 -0.05908493612918 0.95438243175183
1540479359.609600000 -6.2569778353834 1.9926960851436 -4.8841134213509 0.031693081053521 -0.27697304389748 -0.053553751479041 0.9588605098084
1540479359.683300096 -6.3040592410484 1.9740088042126 -4.8285755540839 0.037254040449917 -0.26258587825705 -0.049926045913536 0.96289572797348
1540479359.756999936 -6.3518209449079 1.9590025664214 -4.7720312122682 0.045395707743578 -0.24772175933378 -0.051099273207922 0.96641710661011
1540479359.830800128 -6.397110836118 1.9441293848272 -4.7145975434253 0.05279300466786 -0.24061793955277 -0.04857438229017 0.96796510020178
1540479359.904499968 -6.4381155603219 1.9249522332729 -4.6575830150564 0.053649377514409 -0.23135166263226 -0.042733676362814 0.97044937291655
1540479359.978200064 -6.4733273468023 1.8939786201136 -4.6071790365186 0.054458839375244 -0.23291708817804 -0.031464190789165 0.97046064811848
1540479360.051899904 -6.5084306982588 1.8549826695023 -4.5624466205521 0.070185396520617 -0.2227804029344 -0.024134195501597 0.97203932162805
1540479360.125700096 -6.5485516882075 1.81791001283 -4.5123209905305 0.070059575871175 -0.20505462662417 -0.028410209154892 0.97582637592174
1540479360.199399936 -6.5878330248338 1.7873560444002 -4.4599893858652 0.067733126743912 -0.19716977720828 -0.034452781890771 0.97741971962771
1540479360.273099776 -6.6238401642117 1.76218644332 -4.4089043517332 0.066582564644633 -0.18210535009125 -0.03821877848746 0.98027737325943
1540479360.346800128 -6.6584457007702 1.7407087749012 -4.3573362241383 0.067662068155588 -0.17149620670369 -0.041868011029701 0.9819663768539
1540479360.420600064 -6.6951438291938 1.7207592304819 -4.3030356830326 0.068618733490519 -0.17053071105159 -0.043578279241347 0.98199372685408
1540479360.494299904 -6.7331821681142 1.6965008324945 -4.2468831634411 0.074643822999152 -0.16096350234354 -0.042119188619066 0.98323192815909
1540479360.568000000 -6.772372436447 1.6649062325407 -4.190099584756 0.07812838572463 -0.16385475943444 -0.036312866944394 0.98271509037412
1540479360.641799936 -6.8150452497035 1.6190391574421 -4.130429818751 0.075443848529601 -0.15724899535149 -0.031731409651611 0.98416162129069
1540479360.715500032 -6.8603915361437 1.5602998025866 -4.0711255517302 0.065043699844252 -0.1463738661988 -0.037287556700485 0.98638412726478
1540479360.789200128 -6.9020251801932 1.4973453677147 -4.0161596761742 0.063538953416781 -0.11989112957623 -0.045078916171564 0.98972562347574
1540479360.862899968 -6.9403658319815 1.4365536722002 -3.9596574333225 0.053036929437531 -0.11034145296353 -0.045669415852222 0.99142632218912
1540479360.936700160 -6.9699361807653 1.3798247908209 -3.9107300305101 0.048740589983779 -0.10108865268065 -0.042760472486817 0.99276229842795
1540479361.010400000 -6.9920434649128 1.3273413314963 -3.8644766141457 0.052036794061792 -0.097623310475825 -0.037428120744702 0.9931570858092
1540479361.084100096 -7.0096347509451 1.2814155872327 -3.8141058979232 0.045797931662492 -0.0879211948383 -0.031969311306051 0.99456039338406
1540479361.157900032 -7.0222572371516 1.2415406687289 -3.7602813357894 0.039966139278958 -0.088967004615454 -0.023155638003651 0.99496301249319
1540479361.231600128 -7.028985592418 1.2039514878188 -3.7073829883932 0.039988786748039 -0.083865195218741 -0.015126542394271 0.99555949781042
1540479361.305299968 -7.0330647389364 1.1626568577366 -3.6524769350903 0.035914523582439 -0.081747653758968 -0.0067514316935279 0.99598287448672
1540479361.379000064 -7.03728247984 1.1158177498191 -3.5985629736541 0.02413700529355 -0.084242750037617 -0.00068691473496489 0.9961526450247
1540479361.452800000 -7.045206191935 1.0664047762476 -3.544517229357 0.012984639510913 -0.092311237098689 0.004100329921914 0.99563709349171
1540479361.526500096 -7.0588296250687 1.0147757570958 -3.4924368625099 -0.002217182178802 -0.089424071885237 -0.0059923116787511 0.99597314806745
1540479361.600199936 -7.0701847769763 0.96733806803497 -3.4482334206949 -0.0088369036787902 -0.08276932491926 -0.014011790666333 0.99643104011673
1540479361.674000128 -7.0819208438243 0.92510533461531 -3.4012374560992 -0.027047963608706 -0.087957464184469 -0.016137859318171 0.99562616561413
1540479361.747699968 -7.0927433111961 0.88697773485751 -3.3557232382942 -0.039338249812393 -0.078777071375116 -0.018070267823564 0.99595187662258
1540479361.821399808 -7.1031056392837 0.85213226667358 -3.3096284968556 -0.044927682690002 -0.073713081172773 -0.017751899998717 0.99610880682712
1540479361.895100160 -7.1154825304031 0.82300677594985 -3.2574762409535 -0.060543264226129 -0.079533415438987 -0.012142881985379 0.99491783550329
1540479361.968899840 -7.1275930141564 0.79629114008504 -3.2052405032699 -0.069448291278762 -0.07223660234968 -0.012509230318388 0.99488809786643
1540479362.042599936 -7.1401915498014 0.76744222903987 -3.147168608802 -0.081697272639326 -0.067823796926094 -0.0071706209991612 0.99432090916781
1540479362.116300032 -7.1546645340412 0.7305995998404 -3.0851199478097 -0.10370706184352 -0.066645397920912 -0.0028746011099192 0.99236836554185
1540479362.190000128 -7.1679127500069 0.68614854409843 -3.0308422089194 -0.1183713383972 -0.052156859802268 -0.0083928106573954 0.99156313412253
1540479362.263799808 -7.1819568832298 0.63838401208904 -2.9800317004893 -0.13502182832975 -0.048323239531 -0.010558924217866 0.98960723497511
1540479362.337500160 -7.1949734074341 0.5851424689442 -2.9385008437862 -0.13750917996522 -0.035160487149431 -0.015256737157248 0.98975865620869
1540479362.411200000 -7.2074738463413 0.52690452651521 -2.8970016941747 -0.13437344111193 -0.02966147360959 -0.02248169219431 0.99023156323313
1540479362.484999936 -7.2187791420656 0.46878231811997 -2.8511272678106 -0.1338858707636 -0.028391457926914 -0.021250241028306 0.99036201763946
1540479362.558700032 -7.2263155715678 0.41502971299818 -2.8005796810279 -0.1328185899387 -0.019348471466581 -0.017562998837551 0.99079584168003
1540479362.632400128 -7.2331903885253 0.36652436514524 -2.7496607656933 -0.12343952981937 -0.013956594843929 -0.01581684398687 0.99212787652834
1540479362.706099968 -7.238592906871 0.32527736782915 -2.6936904809514 -0.12080910825448 -0.011337852967503 -0.012192121070821 0.99253612762289
1540479362.779900160 -7.2417898423543 0.28300808658992 -2.6363141014764 -0.11761664087358 -0.0084769592093636 -0.0086056156919669 0.99298560429179
1540479362.853600000 -7.2412110299004 0.23128842904165 -2.5802672773148 -0.10630775469555 -0.0050751406498424 -0.0044345248101631 0.9943104340339
1540479362.927300096 -7.2413798494787 0.17450512393739 -2.5238290273625 -0.10682247511143 -0.012045501453268 -0.0016089591271903 0.99420384024421
1540479363.001100032 -7.2355777515368 0.1183270415998 -2.4765545538838 -0.1016877911969 -0.0050857984978369 0.0081829166822698 0.99476970583633
1540479363.074800128 -7.2281956534989 0.063439690923894 -2.4301032161391 -0.093955515371952 0.0010639904923332 0.019483055778429 0.99538517147532
1540479363.148499968 -7.2231637688233 0.0095025110428856 -2.3814552064249 -0.092643761897235 0.0099237867291281 0.0194055773771 0.99546073524029
1540479363.222199808 -7.2167159881087 -0.040081938271292 -2.3321437017047 -0.087109649373445 0.015155812234412 0.020421387307998 0.99587407702077
1540479363.296000000 -7.2134528686576 -0.083497964871406 -2.2775770833729 -0.08658386837194 0.021171184797629 0.016964711834853 0.99587509920892
1540479363.369699840 -7.2101562081312 -0.12029363531176 -2.2191262347195 -0.085551495919758 0.024822323191501 0.015118166552055 0.99590975236583
1540479363.443399936 -7.2091882336165 -0.15228280200941 -2.157126065749 -0.076773244978207 0.026350583571218 0.013419878943865 0.99660996505659
1540479363.517199872 -7.2103929764414 -0.17818407834604 -2.0837345115389 -0.074013192752346 0.019114320807309 0.013492069679544 0.99698277522455
1540479363.590899968 -7.2128951826688 -0.20476725662195 -2.0064177172569 -0.066821645259087 0.02219459192324 0.0089147235909358 0.9974782180667
1540479363.664599808 -7.2151045570866 -0.23429323074146 -1.9281284132735 -0.056980324844966 0.023852586923963 0.0033770222175645 0.99808461184337
1540479363.738300160 -7.2166405923355 -0.26403706454671 -1.84648055243 -0.05793462651841 0.014307036786295 0.0066753325540088 0.9981955357964
1540479363.812099840 -7.2156569662248 -0.29311418442856 -1.7642159086111 -0.060136449830225 0.023244767592599 -0.00010030793018162 0.99791947476723
1540479363.885799936 -7.216833456763 -0.31559431034421 -1.6770125127183 -0.057915449595359 0.019778496858477 -0.0081568284857861 0.99809221914072
1540479363.959500032 -7.2152344213987 -0.33187839277654 -1.5839932618124 -0.058067196482683 0.022224917199905 -0.01478966466009 0.99795567014139
1540479364.033200128 -7.2136527953223 -0.34124652233876 -1.4858190271917 -0.054482410661656 0.011536609173986 -0.015794624437314 0.99832314578805
1540479364.107000064 -7.2101276908844 -0.35697782148636 -1.389944269254 -0.039360088620862 0.0052419091719045 -0.016705614389182 0.99907168324394
1540479364.180700160 -7.2036007873437 -0.38008283450705 -1.2954555892007 -0.023161869302245 -0.0067071948221262 -0.013605482064859 0.99961664262147
1540479364.254400000 -7.1980645427634 -0.41538467626302 -1.2011888307009 -0.012932521315587 -0.0098026016008538 -0.015010461160331 0.99975564261975
1540479364.328200192 -7.1935615489765 -0.45437155834215 -1.1082642937331 -0.0081203741968984 -0.010950279942492 -0.0157586704435 0.9997828840293
1540479364.401900032 -7.1908568680753 -0.48915060489539 -1.0143493361404 -0.0050121309273695 -0.012994050562781 -0.017149617970899 0.99975593211393
1540479364.475600128 -7.1932885026961 -0.51615529555333 -0.91630552380884 -0.00091140652769746 -0.021560687291879 -0.022565831218485 0.99951242581724
1540479364.549299968 -7.1986682453288 -0.53480633196618 -0.81751538529407 0.0088783639930925 -0.024002880065408 -0.02766259289021 0.99928965638395
1540479364.623100160 -7.203881213336 -0.54824405748962 -0.71494513969605 0.017431226840347 -0.029175699740838 -0.030453144006897 0.99895822580104
1540479364.696800000 -7.2110461208884 -0.56844190165893 -0.61404993121514 0.024624847844812 -0.027955841790587 -0.031206927063434 0.99881840966297
1540479364.770499840 -7.2125145527874 -0.59248399033088 -0.51176913774382 0.023049353547302 -0.02746491699945 -0.022933062874714 0.99909382955879
1540479364.844300032 -7.2167612973115 -0.62305414361863 -0.41028548464157 0.014916294326024 -0.019922614255306 -0.025840756978573 0.99935621721366
1540479364.917999872 -7.2173137254807 -0.64532289780383 -0.30954068003037 0.012243288425079 -0.012097284391663 -0.024870466072727 0.99954250410686
1540479364.991699968 -7.2202797384772 -0.6596456602896 -0.20405174664489 0.0070591496821845 -0.0063488611155852 -0.026114032821657 0.99961388428637
1540479365.065399808 -7.2231833743906 -0.6677709584083 -0.095472649643118 0.0065183950392477 -0.0040490686607968 -0.025312560314166 0.99965013372651
1540479365.139200000 -7.2257910208991 -0.67799154999594 0.015872818895283 0.012754829616371 -0.0038803724353314 -0.025816994301104 0.99957778078371
1540479365.212899840 -7.226596670978 -0.69531542547228 0.12464776684349 0.01872695469266 -0.0094116237762038 -0.024638792373851 0.99947668928104
1540479365.286600192 -7.2289681993782 -0.72543225673241 0.23059243108272 0.026118918990031 -0.016076233210199 -0.031770817176329 0.99902451019608
1540479365.360399872 -7.2345081476772 -0.76275733061153 0.33298167479365 0.028682514991648 -0.006836610243485 -0.045898857744489 0.99851082565583
1540479365.434099968 -7.244376721103 -0.79936994300172 0.43663507363846 0.027707893734656 -0.021166223632001 -0.053939447390422 0.99793526824998
1540479365.507800064 -7.2534209764507 -0.83116866060007 0.5410557133516 0.026028233286496 -0.014065050958587 -0.056436775777131 0.99796773282176
1540479365.581500160 -7.2603722887488 -0.84941902932721 0.65117499669645 0.024187385760559 -0.020126452777814 -0.047889604880266 0.99835689110311
1540479365.655299840 -7.2690302879901 -0.8618747267248 0.76365976790692 0.023688645201112 -0.021853502134536 -0.042042747789082 0.99859585413286
1540479365.729000192 -7.2755580574767 -0.87779567384118 0.87530408784069 0.019674377714119 -0.018675182084577 -0.033529995878011 0.99906951500488
1540479365.802700032 -7.2805969722163 -0.89967546348046 0.98319574534055 0.013984612108282 -0.012002951099834 -0.030043787358617 0.99937867229105
1540479365.876399872 -7.2855195690043 -0.93179900891258 1.0881604399731 0.0047054596502592 -0.00065679240651055 -0.036753622921497 0.99931306329666
1540479365.950200064 -7.2859421791536 -0.96065923699038 1.1924311536954 0.0021979545675521 0.010109093931891 -0.036722989475394 0.99927193358944
1540479366.023900160 -7.2876546915249 -0.98257271196061 1.3019905532251 0.00084050671868804 0.018391787897023 -0.037182286382452 0.99913888587412
1540479366.097600000 -7.2916986935936 -0.99772655803904 1.4147423001983 -0.0013961759094946 0.020802557350904 -0.031767750472472 0.99927779637617
1540479366.171400192 -7.2949496694667 -1.0109258274092 1.5293441322614 0.0050399334125519 0.01849611211794 -0.024958577512819 0.99950465847651
1540479366.245100032 -7.3012420635934 -1.0309928289417 1.6399614319238 0.015215796377711 0.018712518746845 -0.020792641516388 0.99949286502782
1540479366.318799872 -7.311106021461 -1.0643936321012 1.7505322224224 0.018473314074541 0.012371627064921 -0.026458111749266 0.99940264550057
1540479366.392499968 -7.3198979788709 -1.0996007874665 1.85757956062 0.0098061261834216 0.026057961000975 -0.028836580057091 0.9991963141487
1540479366.466299904 -7.3287796977763 -1.1310579053702 1.9653342089364 0.0029771390726842 0.011893623220992 -0.025552988936272 0.99959828087389
1540479366.540000000 -7.3398482628421 -1.154854185651 2.0734233544123 0.0033710785364514 0.014505799999662 -0.030303876988959 0.99942978374437
1540479366.613699840 -7.3512077122191 -1.1726134414702 2.1843088118142 0.0066110025121627 0.014290346314443 -0.030938082778389 0.99939727620301
1540479366.687500032 -7.3623194056464 -1.1877169812046 2.2975502854277 0.0074730491420406 0.019608595172168 -0.027415081031545 0.99940385723887
1540479366.761199872 -7.3719558511963 -1.2101948933273 2.4097452358394 0.010038438648599 0.030099772618375 -0.022469655887465 0.99924388814849
1540479366.834899968 -7.3791929826663 -1.2415297403594 2.5217077922187 0.0016561921176382 0.039043386536186 -0.016174697770013 0.99910522476239
1540479366.908600064 -7.3842840478509 -1.2762033003758 2.6324475706299 -0.012822119708705 0.057638367399669 -0.018737502616851 0.9980793144061
1540479366.982400000 -7.3865920827957 -1.3096114499139 2.7416113070417 -0.0077065302477442 0.070072058597502 -0.024971506960245 0.99719954865392
1540479367.056099840 -7.3857596179393 -1.3336330709147 2.8568490010746 -0.0068615557868885 0.084057255593151 -0.025950573273328 0.99609932465649
1540479367.129800192 -7.3805325306576 -1.3505220182026 2.9740772041917 -0.0075691082864736 0.088970626393004 -0.021475050180839 0.99577394947785
1540479367.203599872 -7.3667372416223 -1.3664401496382 3.0862101435529 -0.0026579566995502 0.10183290352925 -0.0038044983321411 0.9947906919636
1540479367.277299968 -7.3468263003319 -1.3905820367288 3.1920567293915 0.0097171584111648 0.10632423579873 0.015794500776611 0.99415857259265
1540479367.351000064 -7.3257132468511 -1.4262628140744 3.2936824544012 0.010179790145867 0.11982861064456 0.022981317719843 0.99247636494752
1540479367.424699904 -7.3047072155367 -1.4650511909383 3.393112291435 0.0078284890656388 0.1257562066741 0.022439535768829 0.99177646598231
1540479367.498500096 -7.280382713847 -1.5000996396661 3.4904223390794 0.0058189467345054 0.15116453234265 0.03004848362939 0.98803467178642
1540479367.572199936 -7.2528523281553 -1.5249602628432 3.5927863695325 0.0079047250403835 0.16571542342792 0.035895826930989 0.98548840854121
1540479367.645900032 -7.2212640002516 -1.5398767338807 3.6957880537055 0.010443733026253 0.18147004345685 0.042017292051537 0.98244292400979
1540479367.719599872 -7.1849589655393 -1.5504792896205 3.7971310749924 -0.0087800471663459 0.20428622801366 0.054858854464213 0.9773333893317
1540479367.793400064 -7.1425525613812 -1.5789209754906 3.8748541008135 0.012348532092663 0.21768067883274 0.056704102141754 0.97429322106765
1540479367.867099904 -7.095373607542 -1.6150364766502 3.9492935457102 0.013181194089377 0.25115893583804 0.061047644828854 0.96592889496688
1540479367.940800000 -7.0445259202314 -1.6478062165817 4.0305888179879 -0.0042437153268359 0.27325219258443 0.055374452623229 0.96033790934478
1540479368.014599936 -6.9941909362743 -1.6728074882884 4.1164468615135 -0.011035890453102 0.29346104975174 0.037445524299084 0.95517362511246
1540479368.088300032 -6.9355085979679 -1.68835311162 4.2038664510471 -0.0076648902808568 0.29530888641969 0.041593309343242 0.95446524697153
1540479368.161999872 -6.880171423537 -1.7041364343894 4.2919567091201 -0.0059808643236375 0.29885049191312 0.049980303766186 0.95297144867025
1540479368.235699968 -6.8160951144511 -1.7198642618508 4.3833457338607 0.0040201879645472 0.29533050380948 0.058218751909173 0.95361119358704
1540479368.309499904 -6.7583809851428 -1.7482206235029 4.4711005587103 -0.008005302682807 0.30097223361865 0.065602676768471 0.9513400646038
1540479368.383200000 -6.7013265157985 -1.7839856725244 4.5607138605383 -0.023021640911839 0.2889524010971 0.063815911716409 0.9549366698173
1540479368.456899840 -6.6463131605391 -1.8203423721286 4.6439341322836 -0.040623987933502 0.3113886937443 0.056258053817497 0.94774564329954
1540479368.530700032 -6.5953568609302 -1.8583788073228 4.73029118054 -0.052275611964077 0.30252370872689 0.05115740270311 0.95033130338876
1540479368.604399872 -6.5406071622884 -1.8890170417991 4.8159714128174 -0.055133538798096 0.31459837208586 0.052170280116432 0.94618519278897
1540479368.678100224 -6.4835218432553 -1.9142269696327 4.9035571536118 -0.047619316013112 0.31349712879388 0.053535921470537 0.94688217645742
1540479368.751800064 -6.4261632527333 -1.942632637971 4.9924204423912 -0.038900611795128 0.31514780378761 0.054919404470448 0.94665329618737
1540479368.825600000 -6.3647936266749 -1.979540182297 5.0812286560339 -0.036989104526932 0.32836101195046 0.05497370218046 0.94222542103561
1540479368.899300096 -6.3041801033965 -2.0260550543055 5.1711599522607 -0.055670548281214 0.33324191343337 0.053894285289183 0.93965207561017
1540479368.972999936 -6.238874776986 -2.0692505257143 5.2481954965932 -0.061763122634982 0.34857537864676 0.047838910158325 0.934019250743
1540479369.046799872 -6.1815668775005 -2.1072089794034 5.3218289428905 -0.063608848873053 0.3637399702376 0.042428863624461 0.92835711874695
1540479369.120499968 -6.1151568593341 -2.1318009506032 5.4062169394849 -0.066584670370197 0.36810077039619 0.040861084442853 0.92649807138686
1540479369.194200064 -6.0477713089026 -2.1482285937854 5.4937257443078 -0.058154536859587 0.36957678610652 0.050539572568507 0.92600043229926
1540479369.267899904 -5.9814220786117 -2.1663298521517 5.583551781766 -0.035844520406695 0.36529450338605 0.05693590654389 0.92845753736979
1540479369.341700096 -5.9093563458091 -2.1898155830946 5.6742384458932 -0.017556347575625 0.37008343299014 0.061659548416321 0.92678375437592
1540479369.415399936 -5.8372759775467 -2.2224294805921 5.7648687390731 -0.021362812759171 0.36731520566728 0.069360896783685 0.92726060841275
1540479369.489100032 -5.7618997831302 -2.2587032251943 5.8813593593862 -0.030566718021701 0.37158455910167 0.074039470901168 0.9249371589115
1540479369.562799872 -5.6887996922738 -2.2925906118974 5.9756885095457 -0.032451804982294 0.37349979711279 0.075221176293737 0.9240057123996
1540479369.636600064 -5.61870441169 -2.3203548202921 6.0728812710564 -0.038341181536232 0.37722657560768 0.074186309066204 0.92234833766904
1540479369.710299904 -5.5501454141861 -2.3367484075719 6.1644995996377 -0.037401081537358 0.37693997773511 0.075105743779239 0.92242969354648
1540479369.784000000 -5.4834354491237 -2.3500038042116 6.2599246901331 -0.039607541879238 0.38022623658368 0.077591062248729 0.92078166722563
1540479369.857799936 -5.4186699427 -2.3677769856158 6.3500616055621 -0.034610345166132 0.3803487523296 0.075752783302669 0.92108548269458
1540479369.931500032 -5.3506279735596 -2.3995508358611 6.4314887090074 -0.042658270152033 0.38793940910642 0.07573380838998 0.91757706876128
1540479370.005199872 -5.2819958042392 -2.4268264418987 6.512509991569 -0.059925493198692 0.40330219452573 0.074721676466939 0.91004007945892
1540479370.078900224 -5.21329881869 -2.4472710765862 6.5888937354247 -0.05862901513466 0.40416970578105 0.07428699818805 0.90977520817695
1540479370.152699904 -5.1419248343622 -2.4616390492473 6.6731546023397 -0.057735045787939 0.40826591052913 0.0777712283466 0.90770989133596
1540479370.226400000 -5.0701784277644 -2.4693905752783 6.7585979582644 -0.051393941783542 0.40809716214325 0.08338696612999 0.90766843223625
1540479370.300100096 -4.9899146624623 -2.4805937258298 6.8476564537037 -0.044296773405072 0.41302488752544 0.08449038888987 0.90570945249331
1540479370.373900032 -4.9034798562735 -2.4984802740624 6.9318722586854 -0.031215844948976 0.41403172707541 0.087435534019065 0.90551550367174
1540479370.447599872 -4.8156838373172 -2.5272792604421 7.0155971994605 -0.041100773023387 0.42015098692349 0.092835115757753 0.90175690511709
1540479370.521299968 -4.7306382998875 -2.5535565805957 7.0948246410572 -0.052151730874905 0.42309432838772 0.10448172602809 0.89852932905893
1540479370.595000064 -4.6478272935456 -2.5832506048616 7.1677543311142 -0.048955735263384 0.42147291793951 0.10372625794998 0.89955810198123
1540479370.668800000 -4.5671152423844 -2.6033188161161 7.2432338434836 -0.044619934649937 0.43122657918259 0.099131597099966 0.89567048923961
1540479370.742500096 -4.4846292386006 -2.616546768251 7.3224264385495 -0.034015960662457 0.42627929577444 0.099649857040671 0.8984424201951
1540479370.816199936 -4.4041383009148 -2.6306916117368 7.4005900737038 -0.020219752536071 0.4312338069953 0.097958450988245 0.89667870900992
1540479370.890000128 -4.3226910735446 -2.654240180612 7.4744191753826 -0.0008662843135054 0.43284632415787 0.092945030377713 0.89666299719716
1540479370.963699968 -4.2380407224589 -2.6844395361926 7.5463549294623 -0.0021183163042116 0.44490914885537 0.09761506719969 0.89023741813992
1540479371.037400064 -4.1492099680197 -2.715219572103 7.6168924568211 -0.010718353163014 0.45668172588932 0.094225720096503 0.88456115210681
1540479371.111099904 -4.0611324651448 -2.7402119391607 7.6886589568791 -0.005942007540484 0.46222149220635 0.088411910968271 0.88232608410262
1540479371.184900096 -3.970548582601 -2.7508843516975 7.765256416916 -0.0013464532521181 0.47169039341327 0.079640485662032 0.87815929811668
1540479371.258599936 -3.8781309851821 -2.7535777132063 7.8432678582246 0.00829029550768 0.46830917368157 0.078226041001414 0.88005595012779
1540479371.332300032 -3.7851034991845 -2.7579324302017 7.9171844026072 0.018668241817452 0.47186109906625 0.082650339303343 0.87759188769523
1540479371.405999872 -3.6898066094886 -2.7745889662817 7.9882276113809 0.036536664657911 0.46298157412872 0.077553423394692 0.88221233309942
1540479371.479800064 -3.5947956659761 -2.799318941065 8.0604009241551 0.018844401181244 0.48339042611328 0.079872772899785 0.87154972585358
1540479371.553499904 -3.5059756448242 -2.8259273960068 8.129899335644 0.0099966481445348 0.47927839706664 0.084227851149329 0.87355478032111
1540479371.627200000 -3.4172580060625 -2.8391724751244 8.202243375338 0.0063653379603153 0.48583310515467 0.088117788800549 0.86957514436955
1540479371.700999936 -3.3303006423061 -2.8440829296481 8.2783213817799 0.0078902275847998 0.48172861362455 0.095817273440629 0.87103061785131
1540479371.774700032 -3.2413181831852 -2.8411369345192 8.3591878574551 0.00709942116071 0.48683800391986 0.099998712441544 0.86772035453166
1540479371.848400128 -3.1528973552315 -2.8456934175292 8.4389663719739 0.0086261229480849 0.48980786063188 0.10206750952664 0.86579216510958
1540479371.922099968 -3.0631079801459 -2.8574228104402 8.5124634649713 0.0061159172359253 0.49499280130225 0.11392329264298 0.86137460237036
1540479371.995899904 -2.9706338992981 -2.8764366139366 8.5846151907986 -0.010928889818541 0.49561960107181 0.1253721805224 0.85937395047314
1540479372.069600000 -2.8788264247364 -2.891691677418 8.653930585865 -0.024287233473778 0.50687849045696 0.13581525825467 0.85090454331111
1540479372.143300096 -2.7853723099543 -2.9009523763965 8.7234409128664 -0.030809704676351 0.50980624958236 0.14256132558953 0.84783525429807
1540479372.217100032 -2.6897355060557 -2.9010288976909 8.7927472740812 -0.029458132996888 0.51427679031775 0.14869424750182 0.84412180525128
1540479372.290800128 -2.595127803928 -2.8992265485002 8.8592999143845 -0.01526573451436 0.51761187283251 0.15206893719835 0.84185506162992
1540479372.364499968 -2.4973233610577 -2.9029152931267 8.9211990001131 -0.0063128036380371 0.52904906811733 0.15730926256263 0.83385911756508
1540479372.512000000 -2.292604118452 -2.9380428656456 9.0326771659402 -0.0058807714793984 0.54095744668132 0.16714108802341 0.82425379228802
1540479372.585700096 -2.1949709015822 -2.9609813123336 9.0838415224293 -0.014594640032721 0.54378656904822 0.18435528722635 0.81859409469943
1540479372.659399936 -2.0981043622189 -2.9806592401995 9.1337204989064 -0.021854074737032 0.5583967337609 0.18110489124689 0.80926911809916
1540479372.733200128 -2.0007724706697 -2.9871993096808 9.1848006519905 -0.028014277720438 0.5725307734478 0.18078352712148 0.79921275641758
1540479372.806899968 -1.9053515232201 -2.9837532597121 9.2342028972885 -0.019493957999415 0.57864050802141 0.18541790714139 0.79398699472318
1540479372.880600064 -1.8114330767522 -2.9795353576191 9.2829997630114 -0.0089088834524131 0.59150316190532 0.18475413404523 0.7847996885861
1540479372.954299904 -1.7142629571366 -2.9780800579456 9.3300361269467 -0.010756046920575 0.59703233348004 0.20013974387809 0.77677588991577
1540479373.028100096 -1.61386059913 -2.9884993967387 9.369816048329 -0.028592716380808 0.60829848193153 0.21001122223043 0.76488606993921
1540479373.101799936 -1.5206349503228 -2.9987612268611 9.4000905127318 -0.039699293862791 0.62384789544192 0.22192677802077 0.7483223066412
1540479373.175500032 -1.4235827687421 -3.0090205359626 9.4300322342593 -0.048357609708506 0.63096284100253 0.21968432021064 0.74248652129913
1540479373.249200128 -1.3244295328502 -3.0148837977973 9.4595906426694 -0.051513208332002 0.65002885746091 0.21036074543249 0.72839359594693
1540479373.396699904 -1.1206206614734 -3.0156666819951 9.5040675244649 -0.012051213416034 0.66977180441559 0.20541569981752 0.71348783348671
1540479373.470400000 -1.0166095646327 -3.0206412721565 9.5144997210864 0.012158620660833 0.67850394373423 0.20673646689084 0.70480110636847
1540479373.544199936 -0.91184668032773 -3.0293056244661 9.5217806068869 0.0075885779065376 0.69606461126875 0.21721242395798 0.68429177497829
1540479373.617899776 -0.81183548157534 -3.0417753659612 9.5261296577054 0.0038861791081111 0.70320787495425 0.21676927220461 0.67712234111876
1540479373.691600128 -0.71315643014885 -3.0569088897009 9.5295555417424 -0.0096692485923819 0.72088554148771 0.21007015471619 0.66037949074994
1540479373.765299968 -0.61097311572812 -3.0603353535486 9.5312947932231 -0.019702747693618 0.73568151089945 0.20673338121119 0.64470599915544
1540479373.839099904 -0.50963582144481 -3.0562828301479 9.5347309018273 -0.016588004534113 0.74782817663757 0.2058027049075 0.63096996995519
1540479373.912800000 -0.40842748177847 -3.0477304425004 9.5343089756279 -0.0080907958425094 0.75393839761901 0.2161714890261 0.62030743905789
1540479373.986500096 -0.31173294133681 -3.0468771861486 9.5287038365316 -0.0074853088469612 0.77017795694996 0.22733595955719 0.59589281441554
1540479374.060300032 -0.21158067250533 -3.055678268614 9.5170107695466 -0.015408319982425 0.77825608380403 0.23800978717152 0.58088845134664
1540479374.134000128 -0.11991553023127 -3.0725332236388 9.4984146811242 -0.032931686297364 0.79947227914069 0.23805807754822 0.55053422294826
1540479374.207699968 -0.027488153439954 -3.0856931046173 9.4764190836606 -0.039046404712326 0.80431530252457 0.23576163775859 0.54403007505582
1540479374.281400064 0.068209391292138 -3.0890442932862 9.4508654451486 -0.045207182580035 0.81316679753399 0.23022239308273 0.53264783840241
1540479374.355200000 0.16384087887603 -3.0825423375042 9.4222513608998 -0.037216516157901 0.82023610588207 0.22378914697151 0.52511530089139
1540479374.428900096 0.26186645238896 -3.0746113637971 9.3876944332626 -0.023560775661888 0.82553593340581 0.21630711480954 0.52071733655485
1540479374.502599936 0.3595898287599 -3.0706772088469 9.3448760214092 -0.0092514868043887 0.8336206481376 0.21271535565455 0.50965007844532
1540479374.576400128 0.4662056758554 -3.0698279887129 9.2964006960715 0.0030165344092982 0.82952729998712 0.21679160065843 0.51466179281174
1540479374.650099968 0.57173110762158 -3.0752245687145 9.2458722588186 -0.010966524963964 0.8412724713516 0.22457636018723 0.49163586394936
1540479374.723800064 0.67447089314765 -3.0799096028356 9.1971081878412 -0.011962081125636 0.83943660993312 0.23400613474197 0.49035111442951
1540479374.797499904 0.77741799563206 -3.0769620767763 9.147484241158 -0.016222639355378 0.84505769998584 0.23702360063415 0.47899282083285
1540479374.871300096 0.88168809894396 -3.0631970758039 9.0993159587651 -0.018097775215441 0.85089244462342 0.23627003727408 0.46886137365061
1540479374.944999936 0.98623702162133 -3.0452038269826 9.0526478203235 -0.017774841553988 0.85440166691612 0.23693643927396 0.46210709832556
1540479375.018699776 1.0866546096314 -3.0349816666407 9.0037911408721 -0.010483977067435 0.8594151048261 0.23086081567646 0.45606912590833
1540479375.092400128 1.1821854789873 -3.0365367534518 8.9522827928397 -0.0035774037981519 0.86645450096564 0.22544687796259 0.44544079870996
1540479375.166199808 1.2788806790118 -3.0425146526881 8.8978112742102 -0.0045649167324343 0.86728020510315 0.23085991328674 0.44103050666445
1540479375.239900160 1.3716260279002 -3.0432376891925 8.8424704378156 -0.009451622812896 0.873686101078 0.23632468083192 0.42512810873784
1540479375.313600000 1.4692449734838 -3.0342171392954 8.7859279884124 -0.0093054630570753 0.87539963869898 0.23575567618936 0.42191011135962
1540479375.387399936 1.5696540487004 -3.017270786328 8.7299612226553 -0.0080883869369586 0.87849687131681 0.23359666927912 0.41666583875456
1540479375.461100032 1.6714626586751 -2.9966412903683 8.6726756202267 0.00049016377504911 0.87990768117123 0.2237408211983 0.41916855474242
1540479375.534800128 1.7709557726408 -2.97832071311 8.6120696293297 0.0062327341255471 0.88455750742639 0.21599985288279 0.41335606035903
1540479375.608499968 1.8686250457134 -2.9660673379144 8.5508816978393 0.014071693759742 0.8816917301082 0.21118352915064 0.42169087909157
1540479375.682300160 1.9660881765762 -2.9626891639313 8.487451651024 0.0056930431838182 0.88519930024027 0.21758153295195 0.41115455078562
1540479375.756000000 2.0624911815144 -2.9588198205071 8.4262354726264 -0.0015632410347793 0.88494307081313 0.22450011155619 0.40801105084122
1540479375.829700096 2.1629697363846 -2.9513015672455 8.3667930617593 -0.01006684217777 0.88445015443627 0.22311045233297 0.40971735265425
1540479375.903500032 2.2622731753642 -2.9347435932244 8.3088485660967 -0.017158066503252 0.88951387280024 0.21753272936197 0.4014351535505
1540479375.977200128 2.3639336267473 -2.9104593694111 8.2522629473353 -0.01414468036087 0.88851337243903 0.2185776065437 0.40319690590596
1540479376.050899968 2.464901230348 -2.8882900270487 8.1907693279863 -0.011787795411844 0.89169614777712 0.22288624045045 0.39377754092462
1540479376.124599808 2.5611911371855 -2.8765019434324 8.128861993921 -0.013126074633859 0.89814923847165 0.22017315778011 0.38036749623309
1540479376.198400000 2.6586321551986 -2.8689396662453 8.0620904211808 -0.017621372624714 0.89498046325161 0.23698977672575 0.37753847930011
1540479376.272100096 2.7506693338795 -2.8618507192392 7.9994669315895 -0.027025092787562 0.89890028276101 0.24733727972042 0.36065523158897
1540479376.345799936 2.8445185161016 -2.8482908114073 7.9383499840877 -0.025323211857488 0.89793170162416 0.24453896931138 0.36507271419224
1540479376.419600128 2.9408069437685 -2.825636401543 7.879648475357 -0.027257337710283 0.90086596313517 0.24143292629007 0.35973281210991
1540479376.493299968 3.0394775901905 -2.7977852701597 7.8206143147858 -0.017629903755907 0.89978098741405 0.22831949473915 0.3714210138156
1540479376.566999808 3.1400592591757 -2.7687201058628 7.7568610061615 -0.015259792623689 0.90079857448865 0.22509715878396 0.37102605843214
1540479376.640700160 3.2440466380135 -2.748915476999 7.689357000597 -0.0054919952492853 0.89433633260525 0.21829146611395 0.39048840954911
1540479376.714499840 3.3483943480698 -2.7388066077916 7.6185495125511 -0.022450716278585 0.89648923569714 0.23150011440202 0.37710835664248
1540479376.788199936 3.4483256546165 -2.728834797384 7.5533507378042 -0.026519429944121 0.88880119290714 0.24738715787652 0.38487498417027
1540479376.861900032 3.5451301284285 -2.7170141147918 7.4875784675755 -0.032807381237251 0.88699416359296 0.25087002307609 0.38630203340156
1540479376.935600128 3.6413712596898 -2.6962370704974 7.4243975793746 -0.032980884743319 0.8872510212395 0.25299650927213 0.38430541610435
1540479377.009399808 3.7389293094877 -2.6670864562244 7.3635826517401 -0.027692107090131 0.88482031306733 0.25497405010184 0.38899150962844
1540479377.083100160 3.8347548637179 -2.6414844961631 7.3024036752645 -0.025151382771857 0.88749051519188 0.25107178041854 0.38560466084654
1540479377.156800000 3.9294954251979 -2.6249235161758 7.2387813626154 -0.023889224200936 0.88695958540342 0.25347093283243 0.38533684619711
1540479377.230600192 4.0249316943973 -2.6162099050382 7.1723316051929 -0.034207383184909 0.88472444902159 0.26526149398113 0.38174447481265
1540479377.304300032 4.1128543732082 -2.6107526487779 7.106589696244 -0.038719366052307 0.88738595502127 0.27220619545983 0.37006859455617
1540479377.378000128 4.2035830952833 -2.5985507620871 7.039333360293 -0.03119422669163 0.8846673081372 0.26969703554337 0.37901739162407
1540479377.451699968 4.2969261439337 -2.5770449718891 6.9705731577502 -0.026675147882393 0.88819949841222 0.26612550477303 0.3735870758137
1540479377.525500160 4.3942631885513 -2.5494854394195 6.9009552817825 -0.013653140547598 0.88624925357009 0.26116942658977 0.38231712349099
1540479377.599200000 4.4909683775645 -2.5217554287649 6.8297464286659 -0.013015879815698 0.89058152506478 0.25839085028407 0.37407125334004
1540479377.672899840 4.5862922463075 -2.5015846040883 6.7577014428759 -0.01703381328105 0.89007956616939 0.25077917838667 0.38023416308971
1540479377.746700032 4.6795539170421 -2.4913886840436 6.6851162581664 -0.031135466083239 0.88949497521024 0.25436450886065 0.37832257196682
1540479377.820399872 4.7679019179109 -2.4845902622996 6.6152574429627 -0.036719286762663 0.88544210438224 0.2655957146649 0.3796088646468
1540479377.894099968 4.855928924218 -2.4770737248206 6.5484811647895 -0.041160482755825 0.88382415633287 0.26385790779045 0.38410894266894
1540479377.967799808 4.9448842858693 -2.4594864640484 6.4832705079148 -0.044515864056756 0.88613279562791 0.26102761941972 0.38033089311811
1540479378.041600000 5.0352779466089 -2.4329037330775 6.4200359078136 -0.036110542523391 0.88373327172033 0.26140425853262 0.3864962442174
1540479378.115299840 5.1228905372866 -2.4087471024846 6.3563275801316 -0.028737732137897 0.88628244235207 0.25884258631358 0.38298575775153
1540479378.188999936 5.2110422527006 -2.3911018078323 6.2901478255148 -0.028584785872394 0.88754537500049 0.25722877442414 0.38115544721297
1540479378.262799872 5.3013044757426 -2.3792741526271 6.2203433275476 -0.038619975830583 0.88731581262225 0.26501249055669 0.37542978835769
1540479378.336499968 5.3842535611461 -2.3695176707251 6.1506737666831 -0.04536100090718 0.89113948710576 0.27016892684436 0.36169261132257
1540479378.410200064 5.4709489483042 -2.3497473926717 6.0782533845494 -0.040041869634039 0.88757166228187 0.27439971548484 0.36785593529566
1540479378.483900160 5.559330333243 -2.3274469492255 6.0061772906038 -0.039820707509882 0.89083103052979 0.27330966643305 0.36074397088918
1540479378.557699840 5.6508849802263 -2.2957835376118 5.9301467116662 -0.035411013287084 0.89207986731287 0.26558315330862 0.36387519721972
1540479378.631400192 5.7393523330627 -2.262322614251 5.8538256366713 -0.026678544941495 0.8958452485537 0.26146330992544 0.35831059633564
1540479378.705100032 5.8306046615117 -2.236106181502 5.7753135827077 -0.017186525003757 0.8946694703585 0.25193954455525 0.36850729715439
1540479378.778800128 5.9226499799786 -2.2145121051814 5.6945623181745 -0.022251983236847 0.89433420146893 0.26485675329145 0.3598917692319
1540479378.852600064 6.0108595651838 -2.1965923470657 5.6178269952748 -0.023005324797311 0.88897327715099 0.28013037227743 0.36155807565329
1540479378.926300160 6.0983681540456 -2.1805086302455 5.5441698983765 -0.029151823215664 0.88838582139047 0.28442742186527 0.35919610973208
1540479379.000000000 6.1868075789653 -2.1587631702737 5.4738635172214 -0.032433632715627 0.89081623724389 0.28015670185809 0.35623968523384
1540479379.073800192 6.2749974297777 -2.1256331355405 5.4051330914166 -0.024228982070345 0.89138306810347 0.27466077042491 0.35973690874843
1540479379.147500032 6.3625838364809 -2.0896247016234 5.3357988640178 -0.011016662773274 0.89025835629458 0.27135325909032 0.36563109956632
1540479379.221199872 6.4418687391003 -2.064288138886 5.2663246597274 -0.0032566545156016 0.89498347930507 0.2666319926713 0.35763297730563
1540479379.294899968 6.5218157086281 -2.0423013809296 5.1905186149682 0.0033250590895651 0.89226161118637 0.27364702556423 0.3591315449595
1540479379.368699904 6.5988341494319 -2.0240862275574 5.1118356106109 -0.0041535461246346 0.89549385401831 0.28436995637021 0.34235541967965
1540479379.442400000 6.6782471691626 -2.0029252505302 5.0331679980863 -0.010884066124488 0.89651727066922 0.2841515317839 0.33970020235685
1540479379.516099840 6.7573557492355 -1.9719629333056 4.9516693064142 -0.017454905907374 0.90077326701524 0.2819756264625 0.3298372231443
1540479379.589900032 6.8357284288128 -1.9314357349168 4.8679346072924 -0.016148413205372 0.90455225222487 0.27584822387447 0.32470326319758
1540479379.663599872 6.9133437920807 -1.8867061137659 4.7829541740665 -0.0090489697451755 0.90539477926528 0.27802294444149 0.3207516986546
1540479379.737299968 6.9871994849307 -1.8542135064334 4.7011389141991 -0.0056640547127385 0.90431481312247 0.28136161756252 0.32096460461253
1540479379.811000064 7.0598208629148 -1.8312416565837 4.6199687001455 -0.0071383896713406 0.90232635409548 0.28390927238679 0.32427105814497
1540479379.884800000 7.1314553408308 -1.8154418134332 4.5398744316149 -0.018479876184011 0.90440290360568 0.29050078425022 0.31196662718285
1540479379.958499840 7.2027401541148 -1.7971004023495 4.4610231352311 -0.029262068761133 0.9069991330392 0.29024423648316 0.30373440237528
1540479380.032200192 7.274163429503 -1.7670295081956 4.3829552262508 -0.031787447511988 0.90922397400465 0.29066063090161 0.29634054889558
1540479380.105999872 7.3437445778045 -1.7275408493611 4.3054322637772 -0.029322936772922 0.91292236496225 0.29350860612224 0.28207378301238
1540479380.179699968 7.4125925283604 -1.6945203776064 4.228199887913 -0.015517858732716 0.91555481208461 0.28554021286634 0.28281684703232
1540479380.253400064 7.4744894778462 -1.6705172724303 4.1525039691651 -0.01533002987009 0.92106601834256 0.28782777673277 0.26183496897825
1540479380.327100160 7.5374529130905 -1.6544371399907 4.0742338922369 -0.017907643058979 0.91989196690299 0.29316159902638 0.25987374319797
1540479380.400899840 7.5968242012289 -1.6368231896588 3.9934836335854 -0.025042747058253 0.92536128698734 0.29703494305654 0.23419989745582
1540479380.474600192 7.6626961142014 -1.609660520562 3.9081927998566 -0.024644433792848 0.92271780526708 0.30367910367464 0.23614297727756
1540479380.548300032 7.7264912185987 -1.5743448989647 3.8235568283147 -0.030990670816151 0.92872762923142 0.29616122235932 0.22089160100642
1540479380.621999872 7.7907360247594 -1.5297426392505 3.7396933776003 -0.021574526736797 0.93156115391146 0.28685608454955 0.22235544309985
1540479380.695800064 7.856767225963 -1.4916513243084 3.6556337654217 -0.0080811452184546 0.93497882104763 0.27653223457203 0.22198923966475
1540479380.769499904 7.9289570966872 -1.4605315955732 3.5690086450837 -0.0083124228518595 0.93345551020658 0.27970916447423 0.22439807797849
1540479380.843200000 8.0009224843254 -1.4367652256697 3.482453337293 -0.0099916863512599 0.92947015191841 0.2925935225715 0.22444249474158
1540479380.916999936 8.0702103624594 -1.4152631971183 3.4008125926309 -0.017043097424963 0.92974682366691 0.29610139819582 0.21818418526084
1540479380.990700032 8.1450782532957 -1.388713806896 3.3197398267278 -0.030218479706139 0.92895350270088 0.29942639717793 0.21558308369875
1540479381.064399872 8.2175631000665 -1.3487892392884 3.2396559968917 -0.037350321136825 0.93014053089051 0.29916578770307 0.2096267582483
1540479381.138099968 8.2895320961264 -1.3005792324508 3.1615059432874 -0.033577222004291 0.93037214254516 0.30350840880215 0.20288640251331
1540479381.211899904 8.3596047085159 -1.2564046499227 3.0819384344622 -0.020848116402199 0.93021857946891 0.30010020567579 0.21023467127634
1540479381.285600000 8.4225404533137 -1.2234469746147 3.0055439725036 -0.01221937421648 0.93379909059587 0.30346754818806 0.18914912765543
1540479381.359299840 8.4894821404575 -1.1934428896001 2.9222935721926 -0.01413318948746 0.92622820427572 0.32402155361095 0.19212391666482
1540479381.433100032 8.5521332398949 -1.1661885954798 2.8398030188265 -0.015351046100747 0.92481302098625 0.33157890765339 0.18585114903406
1540479381.506799872 8.6183537009475 -1.1318353711966 2.7548825491318 -0.020368386731446 0.92500202903623 0.33431255565089 0.17941987134925
1540479381.580499968 8.6854371276488 -1.0884863204507 2.6691548823793 -0.017673477408694 0.92659517719546 0.33106798701986 0.17749088361102
1540479381.654200064 8.754067910122 -1.0355956600063 2.5841618796605 -0.0079579672220083 0.92827171343344 0.3262019269352 0.17843934448659
1540479381.728000000 8.8246169185692 -0.98622505351884 2.4967665924728 -0.0014208657312141 0.92982949409819 0.31953903586475 0.18250999316287
1540479381.801700096 8.8902320567028 -0.94870837001017 2.4125189298296 -0.0069408992609691 0.9304690135343 0.32500873296058 0.16896319797314
1540479381.875400192 8.9574869242643 -0.92304852745661 2.3269050947771 -0.014114902234704 0.9283164423586 0.32630811119681 0.17762986502487
1540479381.949199872 9.0208531005714 -0.89683597337479 2.2438540128962 -0.023152288989373 0.9264254222125 0.33820486919494 0.16376011433124
1540479382.022900224 9.0823420709837 -0.86553797980272 2.1632194379882 -0.020111040380838 0.92605490647052 0.34272079884346 0.15671729418532
1540479382.096600064 9.1420674741989 -0.82401368751559 2.0834430367819 -0.010160926209061 0.92704090088486 0.34624719174332 0.14354374202671
1540479382.170299904 9.2005911827809 -0.77594222938304 2.0057638749883 0.0030047402055391 0.92806038778006 0.3503647462151 0.12625146644472
1540479382.244100096 9.2571739363172 -0.73171488805359 1.9266883374455 0.0077961419489644 0.92835996715069 0.35350180925169 0.11455768162136
1540479382.317799936 9.3088635685491 -0.6951656224521 1.847620380977 0.010689246967914 0.9217350342672 0.37394232845599 0.10226143746604
1540479382.391500032 9.3533504772254 -0.66710359196455 1.7684782729104 -0.00045967904106185 0.91753152056712 0.39062417203804 0.074487943189189
1540479382.465199872 9.3940636784145 -0.63848776913711 1.6856582762872 0.0061322995664516 0.91314042590199 0.40154002852978 0.070018304562948
1540479382.539000064 9.4295470618413 -0.61106890670761 1.6031636953257 0.003291617433046 0.91703102216599 0.3962494537618 0.045051526426326
1540479382.612699904 9.4594984481574 -0.57381170226003 1.5192912045956 0.024696748726673 0.92216763450232 0.38447743525119 0.034264066620883
1540479382.686400000 9.4851796482983 -0.5329056154212 1.4347106726017 0.041697715100054 0.92595032086136 0.37524919163023 0.0080838130258444
1540479382.760199936 9.5065427046624 -0.49289203648343 1.3511182038873 -0.047597389223995 -0.92343915506688 -0.38051109875569 0.014349883350151
1540479382.833900032 9.521261937939 -0.46632083810891 1.2708262097627 -0.05125252425632 -0.92432038021046 -0.37665133232226 0.033745923380578
1540479382.907599872 9.533382009288 -0.44630213167349 1.1887255135415 -0.039174483338373 -0.92064415535874 -0.38320782158189 0.063493814954042
1540479382.981300224 9.543765190207 -0.4248699476217 1.108823729282 -0.034330407452058 -0.91811348729556 -0.38659513496277 0.080207538257186
1540479383.055099904 9.5521104951299 -0.39543238473037 1.0319772955681 -0.034930112826586 -0.91560568676049 -0.3864467160961 0.10538049728636
1540479383.128800000 9.559368550461 -0.35522152889372 0.95628525895128 -0.045532312779325 -0.91300442007375 -0.38398165035852 0.13003011038488
1540479383.202500096 9.5658669952465 -0.31098200026175 0.88248296836139 -0.0617569193727 -0.91124967651727 -0.37760441923193 0.15239754766166
1540479383.276300032 9.5716937203764 -0.2700317328253 0.81073958326058 -0.069378890408624 -0.9092050332465 -0.37099334962003 0.17577460460093
1540479383.349999872 9.5744744531877 -0.23927506710513 0.73834454994335 -0.073315767942764 -0.90417446976868 -0.37514016730745 0.1906913245589
1540479383.423699968 9.5728985749671 -0.21897922857975 0.66797764766925 -0.061963221212071 -0.89562497007335 -0.38035521829619 0.22214045132077
1540479383.497400064 9.5690122849616 -0.19395515508848 0.59604947647288 -0.068577188763592 -0.89144929588145 -0.38654428696133 0.22627159846369
1540479383.571200000 9.5610108508842 -0.16558120353472 0.52289457305442 -0.058244863564062 -0.88495097060473 -0.38853462208421 0.25002032504586
1540479383.644900096 9.5483397072021 -0.12790838901551 0.44945266754786 -0.066971130710832 -0.88448148169573 -0.38241331699004 0.25878066229398
1540479383.718599936 9.5298492847486 -0.089539881186416 0.37451238929542 -0.073259713044735 -0.88277739234813 -0.37316394298191 0.27583647630766
1540479383.792399872 9.5095234624596 -0.056513342185787 0.29768580032736 -0.075457131456738 -0.88399986075051 -0.35896052898031 0.28982375013027
1540479383.866099968 9.487247025022 -0.027227260468926 0.21634972606342 -0.079832800721681 -0.87616884947686 -0.36871832490721 0.30000278000869
1540479383.939800064 9.4651481511165 -0.0049041582867027 0.13846429689411 -0.073699713166955 -0.86792136721791 -0.37976291663068 0.31154611176816
1540479384.013499904 9.4403035972992 0.018666011278594 0.064319681035378 -0.071701423442611 -0.86167300721277 -0.38721540142825 0.3200668171085
1540479384.087300096 9.4114504446833 0.04588613893853 -0.0069365045983472 -0.067707274528033 -0.85652149943142 -0.38813558630172 0.33337278328317
1540479384.160999936 9.3797403510407 0.08196333526775 -0.077310241164789 -0.073222529688134 -0.85179253404191 -0.38739940560894 0.34497773932584
1540479384.234700032 9.3479852656168 0.11790655854389 -0.14363474699231 -0.078421004866249 -0.84675537019277 -0.38142333004879 0.36245238630744
1540479384.308399872 9.317790919096 0.14765926957543 -0.21054041420155 -0.065590182395074 -0.84017058650024 -0.37845093771396 0.3828657745172
1540479384.382200064 9.287424444027 0.17797281408918 -0.27439410070517 -0.074512453350724 -0.8348006331988 -0.38689428497626 0.38453687646213
1540479384.455899904 9.2561976551139 0.20532989884494 -0.32940026875805 -0.07291467981152 -0.82083112739261 -0.39809605398954 0.40303751881098
1540479384.529600000 9.2219342598212 0.23697362103786 -0.38116895048736 -0.076909254210789 -0.81777480799967 -0.39965693514896 0.40694430110911
1540479384.603399936 9.1825498774048 0.27574532845754 -0.43374996577432 -0.078380788150917 -0.81043320398723 -0.40163128580766 0.41922164088262
1540479384.677100032 9.1406571113148 0.31949040190058 -0.48265117336122 -0.083947740520432 -0.81084931440529 -0.3927626020219 0.42569203027891
1540479384.750799872 9.0972593036726 0.366042545696 -0.52746286383844 -0.084316550536116 -0.80788872600459 -0.38449178952701 0.43860299758061
1540479384.824499968 9.0544228275295 0.41442948127834 -0.57319452545685 -0.082174633900762 -0.80731906218638 -0.38272504584359 0.44159347895752
1540479384.898299904 9.0120059325566 0.45401024459453 -0.61484776194516 -0.075415807000217 -0.8079213318703 -0.37638536781886 0.44711255009816
1540479384.972000000 8.9687144859999 0.49046941785296 -0.65724471035568 -0.071688529291635 -0.79941319904145 -0.3830717794827 0.45722565952742
1540479385.045700096 8.9271015206373 0.52688637943139 -0.69839488714879 -0.066198222513784 -0.79340744391642 -0.38956254243989 0.46299400514671
1540479385.119500032 8.8835234671689 0.56559991367004 -0.73665071806115 -0.057123133397019 -0.78642874052284 -0.39323141235391 0.47290151199664
1540479385.193200128 8.8380362601335 0.60739007182107 -0.77281048847553 -0.052578757149951 -0.78805015475393 -0.38607467181152 0.47661176619393
1540479385.266899968 8.7921106754904 0.64552468858008 -0.80288926318335 -0.058608311326483 -0.78480559654435 -0.38289167900472 0.48377598496108
1540479385.340600064 8.7423128575425 0.67751398815304 -0.83277320549686 -0.055248001428541 -0.781512729666 -0.37751916269161 0.49362414194281
1540479385.414400000 8.6850612873515 0.71706581851643 -0.8636090553369 -0.065866334791766 -0.77645568564848 -0.37993911886818 0.49842196994005
1540479385.488100096 8.6245675509193 0.75947334831388 -0.89776433038882 -0.074005362498499 -0.78226855595072 -0.36673681451509 0.49807953337952
1540479385.561799936 8.5644151274661 0.80017380708252 -0.93585988752604 -0.06581378799251 -0.78289052889713 -0.35890738448032 0.50392107957372
1540479385.635600128 8.5050026698842 0.83798284553987 -0.97472353606853 -0.063505155479601 -0.78907945029416 -0.35152749491212 0.49974907370778
1540479385.709299968 8.4451570946487 0.87584060671079 -1.0094502448072 -0.063241468573559 -0.77986952692929 -0.35439706608499 0.51206128263138
1540479385.783000064 8.3814817416648 0.91580308934225 -1.0455412082811 -0.057694991637433 -0.78047910519208 -0.35266644029385 0.51298151642042
1540479385.856699904 8.3194563986797 0.95337236272701 -1.0751426891588 -0.050753664891858 -0.77422253955304 -0.35084430503881 0.52432032038622
1540479385.930500096 8.2580170975856 0.98620243227363 -1.0973196544578 -0.060910162942597 -0.7759984578515 -0.34347626427832 0.52549062916461
1540479386.004199936 8.1931204637948 1.0149681401917 -1.1196071586741 -0.058825090014133 -0.77508033186715 -0.33727497329784 0.53107031580053
1540479386.077900032 8.1225571227566 1.0443074178473 -1.1456096996762 -0.050017781462933 -0.77968173776485 -0.3293186381358 0.53022999152244
1540479386.151599872 8.0483915992525 1.0716080457621 -1.1736656068101 -0.035110017100611 -0.78568657064296 -0.3176942290915 0.52965486518342
1540479386.225400064 7.9787860521133 1.0949260029298 -1.1957738690125 -0.02727677617753 -0.79331706368795 -0.29530781475779 0.5316928704486
1540479386.299099904 7.9050754170948 1.1196084996511 -1.2212924535611 -0.028659905083527 -0.80025457311086 -0.281553084161 0.52867673379409
1540479386.372800000 7.8251625410896 1.1448533597089 -1.2541045306485 -0.027051752708047 -0.80364744438091 -0.27800254431478 0.52548413217714
1540479386.446599936 7.7400972340496 1.1677647991095 -1.2933313853717 -0.021942432434007 -0.80757684812431 -0.27681336568447 0.52030041765399
1540479386.520300032 7.6544567640067 1.1880889096606 -1.3328494610244 -0.013020250505291 -0.81227931937654 -0.27003901332224 0.51682851282985
1540479386.594000128 7.5705587730804 1.2018495442217 -1.3707583226003 -0.0095210341465479 -0.8173458775924 -0.27170864807584 0.50796601938741
1540479386.667699968 7.4910230386659 1.2107636242051 -1.4050618591583 -0.0017572184053772 -0.82570063814483 -0.26822227976643 0.49625817573879
1540479386.741499904 7.406010310441 1.2170146822154 -1.4381845799388 -0.0034109290788991 -0.82740341136438 -0.26722723169044 0.49394490286719
1540479386.815200000 7.314529038726 1.2244667502513 -1.4775491038377 -0.0039273232227198 -0.83520746992897 -0.26509630717354 0.48180598401235
1540479386.888900096 7.2200866509049 1.2350823312026 -1.516351172172 0.0021224947887929 -0.84791381272838 -0.2548692447747 0.46484333841442
1540479386.962699776 7.124535972468 1.2484347839461 -1.5534379316136 0.016205327389714 -0.85555994432444 -0.24900658713461 0.45359705532039
1540479387.036400128 7.0289120121803 1.2626766558302 -1.5864423268434 0.019628643050624 -0.86954791995018 -0.23391392466011 0.43449442704414
1540479387.110099968 6.935365131581 1.2683824629319 -1.6204491583775 0.027080423893695 -0.88725375167963 -0.21892875118641 0.40511434518679
1540479387.183800064 6.8475989789388 1.2702026691627 -1.6501170894462 0.038366208624531 -0.88790645579382 -0.21653370091067 0.40405855536713
1540479387.257600000 6.760332787759 1.2737524631716 -1.682830865923 0.031862119090543 -0.89867060304878 -0.21905900522299 0.37866753863214
1540479387.331300096 6.6741583642025 1.2809609866215 -1.7222485881591 0.034530214779747 -0.89847928365882 -0.22370829809257 0.3761611868172
1540479387.404999936 6.5849846791508 1.2938350506896 -1.7676392084084 0.031123471181447 -0.90471866115646 -0.22257492039639 0.36190589730954
1540479387.478800128 6.4960010469434 1.3082746958364 -1.8161778474905 0.036089881626008 -0.90845945739613 -0.21713788347928 0.35531686460101
1540479387.552499968 6.4084554122255 1.3200835560241 -1.8676075302405 0.042319716769973 -0.91103561596263 -0.2136718815388 0.35009637967248
1540479387.626200064 6.3227790349565 1.3257951894749 -1.9212184278454 0.044037448376634 -0.91393058697319 -0.21514871865326 0.34132479282522
1540479387.699899904 6.2416593339196 1.323927297099 -1.9740062007024 0.050696967420751 -0.91635096983977 -0.21747760177638 0.33231643097151
1540479387.773700096 6.1582111572758 1.3238955569553 -2.022972644669 0.052985959200521 -0.91652227129323 -0.21500690766246 0.33309374657674
1540479387.847399936 6.0715785108752 1.3309677397392 -2.0741140232098 0.04464186883928 -0.9209843370981 -0.21364546467774 0.32272367404506
1540479387.921099776 5.9823737471109 1.3458520189936 -2.1246701377896 0.034852917780389 -0.92605187198687 -0.20578217486866 0.31443107514705
1540479387.994800128 5.8906151307241 1.36509545644 -2.1781444589586 0.028301494101717 -0.931797895627 -0.19758008273553 0.30317291772672
1540479388.068600064 5.7999489827358 1.3828545655761 -2.2320738028673 0.022251690125577 -0.93499526430828 -0.19393615766163 0.29610384117583
1540479388.142299904 5.7115677101916 1.3945378173826 -2.2958853284021 0.015918471808408 -0.94262840302436 -0.19210284894471 0.27257070916434
1540479388.216000000 5.6245813441259 1.4023660379666 -2.3647136584623 0.012517923125375 -0.9384551631474 -0.20691030491277 0.27628487849234
1540479388.289799936 5.5440321882435 1.4102728273772 -2.4326426484242 0.0035781619881562 -0.9379402272739 -0.21460870243429 0.27239389063934
1540479388.363500032 5.4674515911164 1.4206105301765 -2.5035642802442 0.0025533828623242 -0.93956076723686 -0.21372826586115 0.26746826592557
1540479388.437200128 5.3954158812716 1.436652944003 -2.5740822499514 0.0053978641577969 -0.93994303630036 -0.21011030500981 0.26894536861913
1540479388.510899968 5.3269081018227 1.4577718870015 -2.6445850012738 0.0068388075708311 -0.9449501438632 -0.19848507230081 0.26005024975506
1540479388.584700160 5.2590110435166 1.480442115872 -2.7203836373592 0.013842973576221 -0.943833126486 -0.19265450510403 0.26808887163282
1540479388.658400000 5.192880661414 1.4979912514208 -2.7998079782147 0.012518435239525 -0.94494024412074 -0.18755798385949 0.26786792736489
1540479388.732100096 5.1262494509447 1.5107607105548 -2.8804659800798 0.0093998113194545 -0.94266129292401 -0.18983056677164 0.2743459244989
1540479388.805900032 5.0607254513983 1.5209737528978 -2.9592907146549 0.0081405775986412 -0.94232937774865 -0.191405889379 0.27443188652058
1540479388.879600128 4.9956573390562 1.5351689061166 -3.0427761018914 0.0096868730249544 -0.94506533466417 -0.18894953615573 0.26656284529851
1540479388.953299968 4.9306100144279 1.5575252198723 -3.1302720948853 0.014800164494422 -0.94173992774704 -0.19154007089818 0.27607836724065
1540479389.027000064 4.8647770816871 1.5890001797115 -3.2156681583403 0.013691730843664 -0.94399197808426 -0.1819370126779 0.27493745695506
1540479389.100800000 4.7933414910532 1.6234832852868 -3.3011814035297 0.0023979048727734 -0.94339722941019 -0.17939356080642 0.27895137198907
1540479389.174500096 4.7201708574989 1.6549723053222 -3.3898212323532 -0.014526039946399 -0.95016430610943 -0.16000696865561 0.26716016832737
1540479389.248199936 4.6509445875 1.6733752939976 -3.4897700955285 -0.011167673742435 -0.94685198983316 -0.1665234727763 0.27498459125319
1540479389.322000128 4.5893661247538 1.6878848555779 -3.5906873432553 -0.0082809021226012 -0.94629804658667 -0.1787106959285 0.26928408947995
1540479389.395699968 4.528995873452 1.7065646769731 -3.6903602745642 -0.0044279073265121 -0.94613967509298 -0.18555652845046 0.26527133957717
1540479389.469399808 4.469362195406 1.7311341387679 -3.7880188340706 0.0090347844819226 -0.94491594802312 -0.18910370717062 0.26700563996902
1540479389.543100160 4.4059510602362 1.7663987501734 -3.8838927400485 0.015260159903688 -0.94433639660001 -0.18856951117898 0.2691420387638
1540479389.616899840 4.3437790829834 1.8039337124016 -3.9779666853274 0.015186953357143 -0.94362746510913 -0.18660319259207 0.27297584518395
1540479389.690599936 4.2789369498612 1.8369331009325 -4.0695507132891 0.01291935668849 -0.94068287042114 -0.18773142748385 0.2823220477644
1540479389.764300032 4.2107764054129 1.8624359501501 -4.1647452942073 0.0083658818181691 -0.93436639832681 -0.21016839303099 0.28760857475042
1540479389.838000128 4.1412860382292 1.8813321900749 -4.2559568132735 0.010676392342708 -0.92679502827877 -0.22533043889526 0.30027184934916
1540479389.911799808 4.0700129864965 1.9012760313039 -4.3488445898273 0.014493428692654 -0.92657974455245 -0.2282324052503 0.29857978281109
1540479389.985500160 3.9979744681717 1.9310834322298 -4.4408180526052 0.012645491000562 -0.92496580468029 -0.22755134216625 0.30413605246311
1540479390.059200000 3.9247741279968 1.9630006581119 -4.5315162057392 0.0018063870544753 -0.93223875298901 -0.21461807665031 0.29131894131042
1540479390.132999936 3.8507876858846 1.9875045329629 -4.6171142229028 -0.001514631626838 -0.9341565700164 -0.20046505142394 0.29523375779852
1540479390.206700032 3.7752286793508 2.0044147985021 -4.7055142200488 -0.010396900074042 -0.9378472364141 -0.19342809231778 0.28795839755351
1540479390.280400128 3.7010053715022 2.0141516369707 -4.8013153233134 -0.010928378353708 -0.93486281364996 -0.20269740541761 0.29124878032021
1540479390.354099968 3.6326327672864 2.0254060103763 -4.8985596659435 -0.0094589992964242 -0.93415213807303 -0.2129610204001 0.28621305710266
1540479390.427900160 3.5697514908579 2.0418598655571 -4.9960113512957 -0.0024542906193081 -0.93488660362538 -0.21701742788914 0.28086375845193
1540479390.501600000 3.5098823794651 2.0678474263285 -5.0896513499874 0.00089377619298781 -0.93690910279021 -0.21439566984674 0.27610691955097
1540479390.575300096 3.45173675296 2.1000930925727 -5.1853538103531 0.0072698631981117 -0.94060287207871 -0.20808197192892 0.26817024272752
1540479390.649100032 3.3949939630596 2.1321812397613 -5.282411593419 0.010612293306074 -0.93869384557062 -0.20778260901656 0.27489567277225
1540479390.722800128 3.3381314480611 2.1610831121306 -5.3791949095612 0.0031084280459252 -0.93675345389718 -0.21520746535811 0.2759874112001
1540479390.796499968 3.2808284578655 2.18098597979 -5.4767541583323 0.0041283357345391 -0.92966871392839 -0.23275808877323 0.2855218228042
1540479390.870199808 3.2242275333691 2.1948745376102 -5.5701247168494 0.008859400978491 -0.92797742304988 -0.22855686251128 0.2941788128384
1540479390.944000000 3.1661110744506 2.2175278237968 -5.6714463770453 0.012734980111227 -0.92535892651061 -0.23080626022576 0.30046155768967
1540479391.017699840 3.1086945735426 2.2482691243396 -5.7721320199035 0.010367509014937 -0.9272107963004 -0.22603815899755 0.29846173064197
1540479391.091399936 3.0506369758729 2.2827402185799 -5.8711240177852 0.0088948733257693 -0.92849771569038 -0.21372255966747 0.30353836771561
1540479391.165199872 2.9905935074609 2.3144355045906 -5.9699735504089 -0.0023160748074917 -0.93074688569216 -0.2065542425845 0.3017287116636
1540479391.238899968 2.9312107564522 2.3358976063814 -6.0723278571197 -0.001216788774736 -0.92945848505806 -0.20633805949412 0.30582682874929
1540479391.312599808 2.8759896494264 2.3462220509214 -6.1814677931998 0.00067618005330381 -0.93094365094501 -0.21540729203468 0.29486125565085
1540479391.386300160 2.8252767786099 2.3543737167752 -6.2896639072194 -0.0019879237808273 -0.93199643437889 -0.22220450132511 0.28636315065827
1540479391.460099840 2.7768565846468 2.3706558795706 -6.3949405270351 0.0088090895897444 -0.9296338781192 -0.22061450977954 0.29501269577492
1540479391.533799936 2.7280230761586 2.405537706565 -6.5005810416607 0.005862720079782 -0.93277250476808 -0.21991471047034 0.28554965064013
1540479391.607500032 2.6792781534068 2.4474097833803 -6.6059092102992 0.012868162595628 -0.93145246322894 -0.2223740053509 0.28771604209766
1540479391.681200128 2.6283288757011 2.4854707186065 -6.7074247122411 0.010257135860446 -0.93154591902006 -0.21790764772111 0.29091794201401
1540479391.755000064 2.573282692445 2.5089281297394 -6.8106731839435 0.0089226936556691 -0.92983356948681 -0.21986844411138 0.29493691847138
1540479391.828700160 2.5151864374349 2.5227445434537 -6.9139629756682 0.016208556196837 -0.91803105756516 -0.24079067989063 0.31460468612151
1540479391.902400000 2.4552848763186 2.5383417532247 -7.0116731161501 0.0058323597970703 -0.9172540549682 -0.24196744646276 0.3163269464903
1540479391.976200192 2.3920640308738 2.564370555975 -7.1117197213336 0.0014008610190002 -0.9125830788606 -0.24552665088442 0.32696609223464
1540479392.049900032 2.3279393350355 2.6012372794226 -7.206075712263 -0.0054558351382075 -0.91220499605316 -0.23881495667276 0.33289592293686
1540479392.123600128 2.2615416711729 2.6418079246869 -7.2985390525482 -0.011253301699272 -0.90894437954651 -0.23472099652149 0.34438282750979
1540479392.197299968 2.193672316992 2.6755903495651 -7.3935780306434 -0.021997371516776 -0.91174079879246 -0.23332847149198 0.33734649228183
1540479392.271100160 2.1258928577575 2.6955367142442 -7.4902669301375 -0.020802060182604 -0.90582258439257 -0.24113556858696 0.34771591487702
1540479392.344800000 2.0608610054045 2.710908814889 -7.585232444863 -0.026411371536639 -0.90050491604449 -0.25408848303938 0.35189825009513
1540479392.418499840 1.9976322982313 2.727738496739 -7.6763258021772 -0.034583198850671 -0.89453035628021 -0.26380951620904 0.35919908575609
1540479392.492300032 1.9351414640668 2.7499806435734 -7.7630280370027 -0.04200766363092 -0.88960084182006 -0.26631938448402 0.36867286837705
1540479392.565999872 1.8718838516043 2.7808380730598 -7.8466996058112 -0.047783957109046 -0.8849555138984 -0.26647533824706 0.37889487456276
1540479392.639699968 1.8090900337494 2.8155841112255 -7.9257247412063 -0.055752353650806 -0.87685301959659 -0.26668362998716 0.39610642330516
1540479392.713399808 1.7455653252616 2.8451037065151 -8.0016525884459 -0.059595490120822 -0.87071677938795 -0.26673578100601 0.4088431126736
1540479392.787200000 1.6822178640635 2.8687034458011 -8.0776252581939 -0.072418999444482 -0.86069233696688 -0.28145784461119 0.41802592181919
1540479392.860899840 1.6205466025509 2.8820269311632 -8.1504875722762 -0.072206868209606 -0.84976812189758 -0.2934012231898 0.4319676254313
1540479392.934600192 1.5602142491458 2.8964587029896 -8.2215624051681 -0.073968064551058 -0.84315801678896 -0.30147300467601 0.43900718855469
1540479393.008399872 1.4988323257444 2.9154846795607 -8.2905642444758 -0.073522318789546 -0.83773474365764 -0.30493390164425 0.44700143572107
1540479393.082099968 1.4356083533469 2.9396306119566 -8.3544137978987 -0.086621526675638 -0.83267703700552 -0.30359511458036 0.45494578749893
1540479393.155800064 1.3722330558362 2.9637491781732 -8.4156967049658 -0.09513317108122 -0.83039898130044 -0.29703276619071 0.46169118187845
1540479393.229500160 1.3079098746247 2.9830107047167 -8.4754732661902 -0.099760563813638 -0.83071189509669 -0.29121302345205 0.4638540203818
1540479393.303299840 1.2440799399716 2.9939021986818 -8.5316959168162 -0.10195089280786 -0.81922830911984 -0.29584586622625 0.48056863862426
1540479393.377000192 1.1834096448039 2.9995830712391 -8.5849549297066 -0.10353984397796 -0.80619677168795 -0.30238922906021 0.49788253652576
1540479393.450700032 1.1252411689779 3.0058597598928 -8.6312524795338 -0.11283325699393 -0.78878174055946 -0.3108380393776 0.51814258187493
1540479393.524399872 1.0663233292764 3.0173158635083 -8.6747654835594 -0.1270194895322 -0.77569729792561 -0.31572958593678 0.5314833768182
1540479393.598200064 1.0101375955578 3.032238717062 -8.7139618182479 -0.13618909590309 -0.75860403983112 -0.31755252010751 0.55238830353509
1540479393.671900160 0.95519671015336 3.0484891982175 -8.7527212442337 -0.14180650750948 -0.74855407111627 -0.31583981906869 0.56551120743438
1540479393.745600000 0.90261556629548 3.0634153793452 -8.7915465785504 -0.14246030842924 -0.73669913067716 -0.31038455175152 0.58364448204002
1540479393.819400192 0.85073117992637 3.0756187773338 -8.834020906793 -0.14057753462193 -0.72770566880829 -0.303868304471 0.598620472321
1540479393.893100032 0.80068980943143 3.0809781651026 -8.8750082069791 -0.12887921648503 -0.71684464902378 -0.30175305287805 0.61519833533826
1540479393.966799872 0.75012053957518 3.0778875596445 -8.913619054079 -0.11714551679491 -0.71236647311282 -0.29398541425335 0.62640522993183
1540479394.040499968 0.70272571935689 3.0684291271254 -8.9442711022254 -0.098719553587502 -0.69808745599325 -0.28538080716335 0.64921964574954
1540479394.114299904 0.65416500920496 3.0606855168425 -8.9704710483897 -0.080877229700668 -0.68496351583437 -0.2707191018237 0.67156163052957
1540479394.188000000 0.60006680444299 3.0604657353257 -8.9938420710205 -0.075336320398633 -0.67201261688183 -0.26091176806821 0.68894740790858
1540479394.261699840 0.54425193017093 3.0661286600515 -9.0124190668043 -0.077530544858018 -0.65879331057758 -0.24553896359596 0.7068882556023
1540479394.335500032 0.48353624137426 3.0758957001031 -9.0283195366195 -0.088471704807571 -0.64978083825272 -0.23368607750113 0.71787773114241
1540479394.409199872 0.42279077390054 3.0810892125427 -9.0394734369781 -0.087370899167943 -0.63748751566298 -0.21405612917415 0.73495303721762
1540479394.482899968 0.3587765150954 3.0808531287712 -9.0508807869536 -0.08135077619914 -0.6267879984218 -0.19528273725506 0.74992233516302
1540479394.556600064 0.29275282473094 3.076241411176 -9.0588734154623 -0.073808376482978 -0.60933633217822 -0.19147764039277 0.76589677573297
1540479394.630400000 0.2300103317347 3.0693026376712 -9.0606244688734 -0.071413114318708 -0.59154814297804 -0.18953887749747 0.78041397704009
1540479394.704099840 0.16721399404992 3.0619231143569 -9.0588923460144 -0.061539917126332 -0.5764934062486 -0.18708725413382 0.79301106580718
1540479394.777800192 0.10439268413648 3.0580903254463 -9.0512915492662 -0.049112994038294 -0.56159908623603 -0.18412789366589 0.80516538607271
1540479394.851599872 0.038695703096589 3.056951964998 -9.04216028339 -0.028600925334475 -0.54633876380802 -0.1755033476895 0.81847084076374
1540479394.925299968 -0.030241258397907 3.055027080912 -9.0293664690651 -0.020293859700095 -0.52445131501345 -0.1707907837189 0.8338881733397
1540479394.999000064 -0.10053773772776 3.0505939393966 -9.0101539449407 -0.01983659194209 -0.5127460808433 -0.15935767009176 0.84338786995242
1540479395.072699904 -0.16581056339943 3.04072441912 -8.9832641071892 -0.021462699085707 -0.48059577950631 -0.15307627780626 0.86321185258409
1540479395.146500096 -0.22826659338797 3.0295075623906 -8.9516198135863 -0.022910123825907 -0.46507626716301 -0.14877219396047 0.87237951961987
1540479395.220199936 -0.28829722936308 3.0164275699823 -8.9150894677586 -0.014648043157193 -0.43435188925704 -0.14432342098969 0.88898516370316
1540479395.293900032 -0.35593450667918 3.0039741771133 -8.8781463309439 -0.0070577946061063 -0.42346812638147 -0.14316820809243 0.89449862921408
1540479395.367599872 -0.42519454742032 2.9974569992825 -8.8328852759836 -0.0013665404737503 -0.41402406441943 -0.13295420574506 0.90050285164649
1540479395.441400064 -0.49789991977545 2.991608511826 -8.7804610856543 0.00068644488763106 -0.41167479001584 -0.12025835345037 0.90336112628574
1540479395.515099904 -0.57314137904433 2.9780527391311 -8.7276267187169 0.0062714322190871 -0.40694531514737 -0.11125768164384 0.90662997297286
1540479395.588800000 -0.65196493973249 2.9545998149641 -8.6753137431541 0.0086598556738308 -0.40342045284341 -0.10577349885493 0.90883932136947
1540479395.662599936 -0.73709076254296 2.9239088845574 -8.6259743892609 0.010207599935994 -0.41139895658932 -0.1079547362052 0.9049820320601
1540479395.736300032 -0.81594263565478 2.8958871361865 -8.5767116585773 0.0067329779299706 -0.39728882549911 -0.10602986580643 0.91152285966881
1540479395.809999872 -0.89932755821532 2.8728388926965 -8.5303838549159 0.0087646714553733 -0.40870022884948 -0.10353379779308 0.90673483234472
1540479395.883699968 -0.98478319440827 2.8555781721294 -8.4848663646635 0.01107302181516 -0.40525387254092 -0.10435200586395 0.90816151969275
1540479395.957499904 -1.0679925993571 2.8469633536368 -8.4381097756357 0.020511474253386 -0.40963459124743 -0.10024046833459 0.90649359048234
1540479396.031200000 -1.1528925449455 2.8392274351723 -8.3896435622113 0.033344455404838 -0.40604656543875 -0.098318184928305 0.9079360486849
1540479396.104899840 -1.2400576050256 2.8288355443981 -8.3406544648938 0.043785070010105 -0.4095848127027 -0.097136808473283 0.90602847046168
1540479396.178700032 -1.3294420228033 2.8090944139387 -8.2914747028925 0.045299122759463 -0.40242370270211 -0.10586262700406 0.9081829425752
1540479396.252399872 -1.4195392508959 2.7905480059916 -8.2384155206636 0.033496869563224 -0.3979238373986 -0.12035627186808 0.90887234922263
1540479396.326100224 -1.5012629289459 2.7750334216437 -8.1830970952277 0.027736055979806 -0.39954504205349 -0.11537934484512 0.90900059260282
1540479396.399800064 -1.5858084941662 2.763746292581 -8.1253225774668 0.028215188350066 -0.39469268296735 -0.10755204371694 0.91206038563832
1540479396.473600000 -1.6785253448678 2.7608923333933 -8.0641382829629 0.024127611984755 -0.3942693431255 -0.10555200176901 0.91259427914811
1540479396.547300096 -1.7731013637137 2.7594214408174 -7.9988305815552 0.024162406226713 -0.3977717860873 -0.10401712208922 0.9112487161201
1540479396.620999936 -1.8658499598042 2.7532754931756 -7.9318652968932 0.030269863023737 -0.39556911970058 -0.10277364704649 0.9121657658587
1540479396.694799872 -1.9603698247528 2.7371437519561 -7.8676214238393 0.029389685256199 -0.39158959275643 -0.10681286593423 0.91344668641159
1540479396.768499968 -2.0637310530167 2.7145226119645 -7.8035013283955 0.021207684362074 -0.39314445391117 -0.12177718531651 0.91113006185685
1540479396.842200064 -2.1621040670262 2.6923793915722 -7.7455009208549 0.0054213186601464 -0.39132394895692 -0.12491948742024 0.91171887001389
1540479396.915899904 -2.2601221264401 2.6715212962048 -7.6868552566136 0.011717382403729 -0.3963805897593 -0.1307887826106 0.90864703012496
1540479396.989700096 -2.3544552765033 2.6589217340367 -7.6290803864806 0.02182857829456 -0.39169037675207 -0.13556470815694 0.90979358748663
1540479397.063399936 -2.4484753873077 2.6528165057707 -7.5705519347606 0.032596803490733 -0.39782670045962 -0.12959995543621 0.90767572202551
1540479397.137100032 -2.5444040018662 2.642926185514 -7.5124909198453 0.036544662161564 -0.40579093953788 -0.1195979232932 0.90536983481913
1540479397.210799872 -2.6371923025812 2.623587781509 -7.4543592761982 0.040640884345157 -0.39586868695228 -0.11827692182683 0.90975099393927
1540479397.284600064 -2.7334788276406 2.6001192187026 -7.392513160065 0.029162684270905 -0.39881473752364 -0.13051878680327 0.90722719826484
1540479397.358299904 -2.8230117831625 2.5776054906462 -7.3326441714932 0.02518044279819 -0.39211029227646 -0.131903986709 0.91006417481496
1540479397.432000000 -2.9153394620581 2.5636248993007 -7.2698257769032 0.033666734142634 -0.39323248367469 -0.12907033552101 0.9097118298031
1540479397.505799936 -3.0123915748917 2.5608678860046 -7.2024124519714 0.029258400497796 -0.39891594306943 -0.12335832235282 0.90818100655741
1540479397.579500032 -3.1094977199068 2.5604358450129 -7.1289883120444 0.027743345926861 -0.40585211373345 -0.11593535374108 0.90613098517146
1540479397.653199872 -3.2044477862987 2.5538030011327 -7.0553438025483 0.021733467953181 -0.39761120936233 -0.10973543387369 0.91070912870834
1540479397.726900224 -3.3024224819277 2.5362512435667 -6.9895419672911 0.031731257206048 -0.40126555134452 -0.10920434627367 0.90887485132731
1540479397.800699904 -3.4031095942436 2.511795312816 -6.9278412004496 0.027920762051853 -0.39989757712847 -0.11740259643495 0.90858075546621
1540479397.874400000 -3.5050603122241 2.4910423053903 -6.8681518856893 0.016789321308225 -0.4074471906431 -0.12395454647202 0.9046215650403
1540479397.948100096 -3.6075308120824 2.4760323647923 -6.8081798299421 0.017256759531177 -0.40951980249957 -0.13173095902174 0.90257558688811
1540479398.021900032 -3.7043943672347 2.4699883821183 -6.7471885893186 0.027578420194203 -0.40575018052934 -0.12957654131105 0.90433187585193
1540479398.095599872 -3.8036782995472 2.4698435065722 -6.6829520101327 0.036427411599388 -0.40639319679749 -0.12830812275331 0.90391074720705
1540479398.169299968 -3.904805214787 2.4637468031336 -6.6183917149206 0.035646327076387 -0.4085088520042 -0.12891141139875 0.90290182479124
1540479398.243000064 -4.0027908963319 2.4485158591975 -6.5546688316607 0.02926833280388 -0.39801000658678 -0.13119096406298 0.90748020931583
1540479398.316800000 -4.0978742609947 2.4245261413256 -6.4919305673775 0.015953654624475 -0.39119763529123 -0.13813349362246 0.90974118791353
1540479398.390500096 -4.186642045445 2.4010326506764 -6.4294294143902 0.019436046773928 -0.39208818786634 -0.12958603528486 0.91054739167198
1540479398.464199936 -4.2804899175482 2.3867945049555 -6.3619219964266 0.015892042254064 -0.38603529118412 -0.1221617762699 0.91422136125337
1540479398.538000128 -4.376793332096 2.3819095188783 -6.2886616136657 0.013181255211454 -0.39383164488095 -0.11048632086817 0.91242296272202
1540479398.611699968 -4.473203756992 2.3769350851755 -6.2149899043033 0.022921082640612 -0.38056481374023 -0.10354747884741 0.91865279955911
1540479398.685400064 -4.5663551684145 2.3679207944254 -6.1451342485171 0.036440921948685 -0.37732308999594 -0.095529677859197 0.92042024402528
1540479398.759099904 -4.6644070589879 2.3480397516232 -6.0809141834698 0.044984796869242 -0.36490667193618 -0.10584654902388 0.92391341417193
1540479398.832900096 -4.7637949168445 2.3245510170186 -6.0192339429941 0.034560989619403 -0.36366709853297 -0.11794824060519 0.92338507242606
1540479398.906599936 -4.8604941204223 2.3033634244502 -5.9575294339365 0.025058819394755 -0.376396081616 -0.11654674281449 0.91875725959254
1540479398.980300032 -4.9562107265957 2.2879314545882 -5.896074923948 0.030464479612503 -0.36878841824351 -0.11752804745507 0.92154987717041
1540479399.053999872 -5.0522073083128 2.2805870351865 -5.8299386211717 0.038727094246902 -0.3663710788725 -0.11168375865896 0.92292967380445
1540479399.127800064 -5.1505487565795 2.2768835757829 -5.7590399551777 0.036332622058437 -0.35961971441607 -0.10916427450299 0.92597881333749
